City of Denton - Proposition regarding the prohibition of hydraulic fracturing (Vote For 1)
                                                            For                                                                                                                     Against                                                                                                                 
Precinct                      Registered Voters             Absentee                      Early                         Election                      Choice Total                  Absentee                      Early                         Election                      Choice Total                  Total                         
1005                          2129                          0                             0                             0                             0                             0                             0                             0                             0                             0                             
1007                          3974                          0                             0                             0                             0                             0                             0                             0                             0                             0                             
1008                          1258                          0                             3                             7                             10                            5                             7                             13                            25                            35                            
1009                          2284                          20                            197                           147                           364                           23                            114                           86                            223                           587                           
1010                          2436                          26                            277                           149                           452                           43                            171                           98                            312                           764                           
1011                          2831                          58                            356                           278                           692                           57                            166                           170                           393                           1085                          
1012                          2625                          80                            555                           238                           873                           73                            292                           197                           562                           1435                          
1013                          2752                          49                            242                           132                           423                           35                            214                           145                           394                           817                           
1014                          253                           1                             24                            18                            43                            1                             5                             6                             12                            55                            
1015                          2605                          117                           479                           152                           748                           93                            370                           132                           595                           1343                          
1016                          2653                          59                            308                           167                           534                           52                            362                           210                           624                           1158                          
1017                          4302                          76                            442                           331                           849                           113                           473                           295                           881                           1730                          
1018                          4148                          83                            509                           320                           912                           79                            437                           297                           813                           1725                          
1019                          2491                          45                            199                           166                           410                           52                            177                           113                           342                           752                           
1038                          267                           0                             18                            19                            37                            2                             24                            17                            43                            80                            
1039                          0                             0                             0                             0                             0                             0                             0                             0                             0                             0                             
4001                          1298                          0                             2                             3                             5                             1                             17                            6                             24                            29                            
4002                          3056                          0                             1                             0                             1                             0                             0                             1                             1                             2                             
4003                          4967                          183                           497                           280                           960                           357                           937                           513                           1807                          2767                          
4004                          1999                          20                            173                           73                            266                           18                            68                            26                            112                           378                           
4005                          2170                          55                            363                           240                           658                           55                            183                           172                           410                           1068                          
4006                          2294                          51                            433                           244                           728                           40                            133                           126                           299                           1027                          
4007                          6104                          52                            949                           456                           1457                          24                            185                           140                           349                           1806                          
4008                          1641                          31                            350                           184                           565                           18                            70                            49                            137                           702                           
4009                          3380                          69                            330                           196                           595                           36                            139                           80                            255                           850                           
4010                          1714                          28                            224                           117                           369                           23                            124                           80                            227                           596                           
4011                          4694                          76                            430                           291                           797                           83                            228                           177                           488                           1285                          
4012                          1695                          18                            173                           118                           309                           20                            134                           128                           282                           591                           
4013                          291                           2                             56                            26                            84                            4                             15                            16                            35                            119                           
4014                          1514                          2                             131                           79                            212                           1                             30                            34                            65                            277                           
4015                          718                           3                             56                            45                            104                           3                             33                            20                            56                            160                           
4016                          7                             0                             0                             0                             0                             0                             0                             0                             0                             0                             
4017                          3695                          0                             0                             0                             0                             0                             0                             0                             0                             0                             
4037                          1842                          42                            280                           213                           535                           29                            123                           89                            241                           776                           
4038                          270                           8                             33                            12                            53                            9                             34                            13                            56                            109                           
4039                          1750                          2                             205                           119                           326                           0                             49                            37                            86                            412                           
4040                          1157                          79                            186                           101                           366                           51                            110                           39                            200                           566                           
4041                          1173                          6                             100                           89                            195                           16                            77                            96                            189                           384                           
4042                          39                            0                             0                             0                             0                             0                             2                             1                             3                             3                             
Totals:                       84476                         1341                          8581                          5010                          14932                         1416                          5503                          3622                          10541                         25473                         
